======================================================================
REPORTE DE CLASIFICACIÓN MULTICLASE - SITESWAP DETECTION
======================================================================

Total de muestras válidas: 223
Total de clases (label_map): 27
Predicciones fuera de label_map: 165

======================================================================
SECCIÓN 1: MÉTRICAS SOBRE TODAS LAS MUESTRAS
======================================================================

----------------------------------------------------------------------
MÉTRICAS GLOBALES - TODAS LAS MUESTRAS (comparable con arquinew.py)
----------------------------------------------------------------------
Accuracy:              0.1794 (17.94%)
Macro F1-Score:        0.2546
Balanced Accuracy:     0.1803 (18.03%)

----------------------------------------------------------------------
MÉTRICAS POR CLASE - TODAS LAS MUESTRAS
----------------------------------------------------------------------

                                   TP   FP    FN     TN  Precision    Recall        F1  Support
(6x,4x)                           3.0  0.0  11.0  209.0   1.000000  0.214286  0.352941     14.0
(6x,6x)                           0.0  0.0  13.0  210.0   0.000000  0.000000  0.000000     13.0
(6,6)                             5.0  1.0   8.0  209.0   0.833333  0.384615  0.526316     13.0
(6x,2)(6,6)(2,6x)(6,6)            0.0  0.0  11.0  212.0   0.000000  0.000000  0.000000     11.0
(4,4)                             5.0  0.0   5.0  213.0   1.000000  0.500000  0.666667     10.0
(2x,6x)                           3.0  0.0   7.0  213.0   1.000000  0.300000  0.461538     10.0
(8x,2)(2,8x)                      0.0  0.0   9.0  214.0   0.000000  0.000000  0.000000      9.0
(4x,4x)                           1.0  0.0   8.0  214.0   1.000000  0.111111  0.200000      9.0
(6x,2x)(2x,6x)                    1.0  0.0   8.0  214.0   1.000000  0.111111  0.200000      9.0
(6,6)(2x,2x)                      1.0  0.0   8.0  214.0   1.000000  0.111111  0.200000      9.0
(8x,2x)                           1.0  0.0   7.0  215.0   1.000000  0.125000  0.222222      8.0
(6x,4)(4,6x)                      0.0  0.0   8.0  215.0   0.000000  0.000000  0.000000      8.0
(6,0)                             1.0  5.0   7.0  210.0   0.166667  0.125000  0.142857      8.0
(8,0)                             1.0  2.0   7.0  213.0   0.333333  0.125000  0.181818      8.0
(6x,0)(6,6)(6,6)(0,6x)(6,6)(6,6)  0.0  0.0   8.0  215.0   0.000000  0.000000  0.000000      8.0
(4x,6x)                           1.0  0.0   6.0  216.0   1.000000  0.142857  0.250000      7.0
(0,6)                             2.0  4.0   5.0  212.0   0.333333  0.285714  0.307692      7.0
(6x,2x)                           3.0  1.0   4.0  215.0   0.750000  0.428571  0.545455      7.0
(4,2x)(2x,4)                      3.0  0.0   4.0  216.0   1.000000  0.428571  0.600000      7.0
(0,8)                             1.0  3.0   6.0  213.0   0.250000  0.142857  0.181818      7.0
(2,4)                             0.0  1.0   6.0  216.0   0.000000  0.000000  0.000000      6.0
(4x,2x)                           4.0  0.0   2.0  217.0   1.000000  0.666667  0.800000      6.0
(4,4)(0,4)                        1.0  0.0   5.0  217.0   1.000000  0.166667  0.285714      6.0
(6x,6x)(6x,2)(6x,6x)(2,6x)        0.0  0.0   6.0  217.0   0.000000  0.000000  0.000000      6.0
(4,2)                             1.0  1.0   5.0  216.0   0.500000  0.166667  0.250000      6.0
(2x,4x)                           2.0  0.0   4.0  217.0   1.000000  0.333333  0.500000      6.0
(4,4)(4,0)                        0.0  0.0   5.0  218.0   0.000000  0.000000  0.000000      5.0

----------------------------------------------------------------------
CLASES CON MEJOR F1-SCORE - TODAS LAS MUESTRAS (Top 10)
----------------------------------------------------------------------

                    F1  Precision    Recall  Support
(4x,2x)       0.800000   1.000000  0.666667      6.0
(4,4)         0.666667   1.000000  0.500000     10.0
(4,2x)(2x,4)  0.600000   1.000000  0.428571      7.0
(6x,2x)       0.545455   0.750000  0.428571      7.0
(6,6)         0.526316   0.833333  0.384615     13.0
(2x,4x)       0.500000   1.000000  0.333333      6.0
(2x,6x)       0.461538   1.000000  0.300000     10.0
(6x,4x)       0.352941   1.000000  0.214286     14.0
(0,6)         0.307692   0.333333  0.285714      7.0
(4,4)(0,4)    0.285714   1.000000  0.166667      6.0

======================================================================
SECCIÓN 2: MÉTRICAS SOBRE PREDICCIONES VÁLIDAS (sin <unknown>)
======================================================================

----------------------------------------------------------------------
MÉTRICAS GLOBALES - SOLO PREDICCIONES VÁLIDAS
----------------------------------------------------------------------
Accuracy:              0.6897 (68.97%)
Macro F1-Score:        0.5144
Balanced Accuracy:     0.6650 (66.50%)

----------------------------------------------------------------------
MÉTRICAS POR CLASE - SOLO PREDICCIONES VÁLIDAS
----------------------------------------------------------------------

                                   TP   FP   FN    TN  Precision    Recall        F1  Support
(4,4)                             5.0  0.0  2.0  51.0   1.000000  0.714286  0.833333      7.0
(6,6)                             5.0  1.0  0.0  52.0   0.833333  1.000000  0.909091      5.0
(4,4)(0,4)                        1.0  0.0  3.0  54.0   1.000000  0.250000  0.400000      4.0
(4x,2x)                           4.0  0.0  0.0  54.0   1.000000  1.000000  1.000000      4.0
(6,0)                             1.0  5.0  2.0  50.0   0.166667  0.333333  0.222222      3.0
(6x,4x)                           3.0  0.0  0.0  55.0   1.000000  1.000000  1.000000      3.0
(6x,2x)(2x,6x)                    1.0  0.0  2.0  55.0   1.000000  0.333333  0.500000      3.0
(2x,6x)                           3.0  0.0  0.0  55.0   1.000000  1.000000  1.000000      3.0
(6x,2x)                           3.0  1.0  0.0  54.0   0.750000  1.000000  0.857143      3.0
(4,2x)(2x,4)                      3.0  0.0  0.0  55.0   1.000000  1.000000  1.000000      3.0
(4,2)                             1.0  1.0  2.0  54.0   0.500000  0.333333  0.400000      3.0
(2x,4x)                           2.0  0.0  1.0  55.0   1.000000  0.666667  0.800000      3.0
(8x,2x)                           1.0  0.0  1.0  56.0   1.000000  0.500000  0.666667      2.0
(8,0)                             1.0  2.0  1.0  54.0   0.333333  0.500000  0.400000      2.0
(2,4)                             0.0  1.0  2.0  55.0   0.000000  0.000000  0.000000      2.0
(0,6)                             2.0  4.0  0.0  52.0   0.333333  1.000000  0.500000      2.0
(4x,6x)                           1.0  0.0  0.0  57.0   1.000000  1.000000  1.000000      1.0
(0,8)                             1.0  3.0  0.0  54.0   0.250000  1.000000  0.400000      1.0
(6,6)(2x,2x)                      1.0  0.0  0.0  57.0   1.000000  1.000000  1.000000      1.0
(4x,4x)                           1.0  0.0  0.0  57.0   1.000000  1.000000  1.000000      1.0
(4,4)(4,0)                        0.0  0.0  1.0  57.0   0.000000  0.000000  0.000000      1.0
(6x,6x)                           0.0  0.0  1.0  57.0   0.000000  0.000000  0.000000      1.0
(6x,0)(6,6)(6,6)(0,6x)(6,6)(6,6)  0.0  0.0  0.0  58.0   0.000000  0.000000  0.000000      0.0
(6x,2)(6,6)(2,6x)(6,6)            0.0  0.0  0.0  58.0   0.000000  0.000000  0.000000      0.0
(6x,4)(4,6x)                      0.0  0.0  0.0  58.0   0.000000  0.000000  0.000000      0.0
(6x,6x)(6x,2)(6x,6x)(2,6x)        0.0  0.0  0.0  58.0   0.000000  0.000000  0.000000      0.0
(8x,2)(2,8x)                      0.0  0.0  0.0  58.0   0.000000  0.000000  0.000000      0.0

----------------------------------------------------------------------
CLASES CON MEJOR F1-SCORE - PREDICCIONES VÁLIDAS (Top 10)
----------------------------------------------------------------------

                    F1  Precision    Recall  Support
(4x,2x)       1.000000   1.000000  1.000000      4.0
(6x,4x)       1.000000   1.000000  1.000000      3.0
(2x,6x)       1.000000   1.000000  1.000000      3.0
(4,2x)(2x,4)  1.000000   1.000000  1.000000      3.0
(4x,6x)       1.000000   1.000000  1.000000      1.0
(6,6)(2x,2x)  1.000000   1.000000  1.000000      1.0
(4x,4x)       1.000000   1.000000  1.000000      1.0
(6,6)         0.909091   0.833333  1.000000      5.0
(6x,2x)       0.857143   0.750000  1.000000      3.0
(4,4)         0.833333   1.000000  0.714286      7.0

======================================================================
DISTRIBUCIÓN DE CLASES (Support)
======================================================================

Todas las muestras:
count    27.000000
mean      8.259259
std       2.346726
min       5.000000
25%       6.500000
50%       8.000000
75%       9.000000
max      14.000000

Predicciones válidas:
count    27.000000
mean      2.148148
std       1.703022
min       0.000000
25%       1.000000
50%       2.000000
75%       3.000000
max       7.000000
